0 0.281364 0.086137 0.073636 0.080754
0 0.497273 0.137281 0.023636 0.029610
0 0.525455 0.146703 0.016364 0.016151
0 0.685455 0.098250 0.054545 0.053836
0 0.817273 0.053836 0.098182 0.094213
0 0.212727 0.339838 0.029091 0.047106
0 0.147273 0.265141 0.025455 0.021534
0 0.032273 0.186406 0.024545 0.028264
0 0.437273 0.148048 0.012727 0.016151
0 0.603182 0.156124 0.015455 0.010767
1 0.158182 0.370121 0.081818 0.121131
1 0.273636 0.277254 0.158182 0.218035
1 0.038636 0.227456 0.050000 0.051144
1 0.681818 0.240242 0.105455 0.195155
1 0.861818 0.306864 0.158182 0.266487
1 0.486818 0.194482 0.059091 0.084791
1 0.177273 0.279273 0.041818 0.060565
1 0.437273 0.183042 0.021818 0.051144
1 0.524091 0.186406 0.024545 0.055182
1 0.613182 0.185734 0.030000 0.040377
1 0.915000 0.151413 0.020909 0.041723
