0 0.017000 0.284006 0.030000 0.062780
0 0.045000 0.279522 0.034000 0.035874
0 0.062500 0.314649 0.057000 0.052317
0 0.143500 0.260090 0.061000 0.047833
0 0.208500 0.272795 0.037000 0.037369
0 0.232000 0.305680 0.060000 0.046338
0 0.263000 0.292227 0.040000 0.043348
0 0.307000 0.259342 0.064000 0.073244
0 0.377000 0.286248 0.074000 0.094170
0 0.429000 0.240658 0.052000 0.062780
0 0.523000 0.309417 0.094000 0.077728
0 0.507500 0.260837 0.059000 0.061286
0 0.630500 0.275785 0.123000 0.136024
0 0.755000 0.302691 0.070000 0.097160
0 0.748500 0.217489 0.053000 0.058296
0 0.718000 0.240658 0.036000 0.041854
0 0.907000 0.281016 0.110000 0.149477
0 0.834000 0.260837 0.042000 0.055306
0 0.858000 0.239910 0.038000 0.058296
0 0.374000 0.236921 0.064000 0.040359
1 0.053500 0.485800 0.087000 0.254111
1 0.131000 0.471599 0.108000 0.276532
1 0.211500 0.530643 0.063000 0.292975
1 0.280000 0.505232 0.106000 0.304933
1 0.382000 0.540359 0.130000 0.333333
1 0.496500 0.603886 0.151000 0.376682
1 0.656500 0.599402 0.215000 0.418535
1 0.895000 0.639761 0.210000 0.523169
1 0.762000 0.496263 0.106000 0.289985
1 0.439500 0.366966 0.073000 0.136024
1 0.440000 0.367713 0.078000 0.116592
0 0.559500 0.277280 0.035000 0.052317
