0 0.473846 0.382322 0.080000 0.088912
0 0.550769 0.393305 0.073846 0.048117
0 0.629231 0.322699 0.069231 0.061715
0 0.825000 0.339435 0.028462 0.030335
0 0.845385 0.332113 0.013846 0.015690
0 0.938462 0.327406 0.020000 0.033473
0 0.134615 0.511506 0.061538 0.043933
0 0.244231 0.474895 0.053077 0.029289
0 0.816154 0.366109 0.030769 0.029289
0 0.960769 0.320084 0.026154 0.027197
0 0.880769 0.390690 0.026154 0.038703
0 0.856923 0.577929 0.038462 0.061715
0 0.221154 0.628138 0.056154 0.040795
0 0.102692 0.844665 0.059231 0.099372
0 0.402308 0.466527 0.032308 0.023013
0 0.354231 0.462866 0.026923 0.032427
0 0.587308 0.364017 0.050000 0.033473
