0 0.080000 0.506875 0.031667 0.056250
0 0.171250 0.247500 0.019167 0.022500
0 0.189167 0.286875 0.018333 0.023750
0 0.224583 0.305000 0.019167 0.027500
0 0.494583 0.501250 0.022500 0.032500
0 0.182083 0.760625 0.034167 0.061250
0 0.281667 0.793125 0.051667 0.051250
0 0.400417 0.787500 0.060833 0.040000
0 0.708750 0.870625 0.045833 0.058750
0 0.842083 0.413750 0.045833 0.045000
0 0.906250 0.511250 0.039167 0.057500
0 0.676250 0.452500 0.037500 0.040000
0 0.498333 0.395625 0.028333 0.021250
0 0.553750 0.410000 0.024167 0.022500
1 0.479167 0.434375 0.035000 0.068750
1 0.540000 0.465625 0.025000 0.071250
0 0.757917 0.622500 0.035833 0.040000
0 0.837500 0.640625 0.028333 0.018750
1 0.137083 0.830625 0.085833 0.146250
