0 0.934667 0.209964 0.042667 0.078292
0 0.874000 0.208185 0.080000 0.080071
0 0.730000 0.130338 0.076000 0.068505
0 0.210000 0.151246 0.086667 0.071174
0 0.296000 0.172598 0.058667 0.067616
0 0.469000 0.193060 0.071333 0.067616
0 0.533333 0.212189 0.069333 0.072064
0 0.067667 0.165925 0.064667 0.052491
0 0.015333 0.181495 0.029333 0.058719
0 0.788333 0.170374 0.055333 0.063167
0 0.118000 0.171263 0.036000 0.045374
1 0.073000 0.387456 0.140667 0.271352
1 0.214000 0.373221 0.141333 0.312278
1 0.381667 0.347865 0.150000 0.272242
1 0.508667 0.401690 0.133333 0.274911
1 0.622667 0.365214 0.112000 0.253559
1 0.736667 0.354093 0.140000 0.290036
1 0.807333 0.362100 0.072000 0.295374
1 0.917333 0.399466 0.164000 0.229537
