0 0.302812 0.431109 0.038125 0.035529
0 0.357187 0.367851 0.055625 0.035529
0 0.495625 0.373050 0.055000 0.028596
0 0.705000 0.372184 0.055000 0.047660
0 0.604375 0.428076 0.042500 0.024263
0 0.642188 0.417678 0.043125 0.034662
0 0.562187 0.464905 0.034375 0.030329
0 0.385000 0.426776 0.031250 0.026863
1 0.353438 0.508232 0.124375 0.167244
1 0.287500 0.547227 0.068750 0.148180
1 0.492500 0.529463 0.131250 0.206239
1 0.698750 0.510832 0.108750 0.177643
1 0.628750 0.532062 0.088750 0.154246
1 0.584063 0.540295 0.044375 0.137782
1 0.561250 0.560659 0.028750 0.124783
