1 0.078750 0.447028 0.120000 0.251507
1 0.225625 0.476314 0.123750 0.291128
1 0.332813 0.436262 0.104375 0.235142
1 0.444063 0.434970 0.106875 0.236003
1 0.567187 0.454350 0.108125 0.242033
1 0.672500 0.411714 0.087500 0.191214
1 0.762500 0.430663 0.098750 0.227390
1 0.950000 0.472007 0.100000 0.230835
1 0.882188 0.434539 0.053125 0.185185
1 0.839688 0.413867 0.054375 0.169681
1 0.376563 0.437984 0.053125 0.224806
0 0.018750 0.277778 0.032500 0.095607
0 0.088438 0.235142 0.069375 0.062016
0 0.150938 0.272179 0.056875 0.070629
0 0.226250 0.250646 0.077500 0.079242
0 0.276250 0.221361 0.041250 0.055125
0 0.320000 0.245047 0.053750 0.068045
0 0.432188 0.269595 0.056875 0.079242
0 0.483125 0.304910 0.048750 0.084410
0 0.965625 0.303187 0.057500 0.080965
0 0.912188 0.279931 0.056875 0.060293
0 0.841250 0.285960 0.045000 0.056848
0 0.790625 0.269595 0.051250 0.070629
0 0.758750 0.280792 0.068750 0.079242
0 0.660937 0.285099 0.066875 0.065461
0 0.573125 0.288544 0.072500 0.077519
0 0.378750 0.301464 0.062500 0.077519
