0 0.668667 0.130687 0.105333 0.097235
0 0.448000 0.579839 0.026667 0.035682
0 0.159000 0.654326 0.020667 0.016949
0 0.190000 0.686887 0.016000 0.010705
0 0.048000 0.686441 0.020000 0.013381
0 0.079333 0.701160 0.013333 0.007136
0 0.004667 0.676628 0.008000 0.015165
0 0.534667 0.705620 0.020000 0.012489
0 0.248667 0.722569 0.013333 0.017841
0 0.221333 0.675290 0.014667 0.014273
0 0.025333 0.688671 0.018667 0.021409
1 0.735333 0.303301 0.190667 0.255129
1 0.450667 0.633363 0.046667 0.067797
1 0.509000 0.683764 0.018000 0.016949
1 0.156000 0.689117 0.021333 0.033006
1 0.007333 0.706512 0.013333 0.032114
1 0.047333 0.719001 0.025333 0.044603
1 0.108000 0.700714 0.020000 0.043711
1 0.194000 0.710972 0.021333 0.032114
1 0.077000 0.723015 0.026000 0.027654
